1000
674
810
932
754
985
735
616
778
727
682
649
786
634
421
769
439
216
48
250
280
337
927
397
378
276
7
427
217
658
227
402
713
807
318
358
1
24
1
252
568
702
938
914
748
26
329
126
765
969
925
122
930
319
133
693
664
312
603
257
181
255
190
264
821
534
284
400
591
786
657
898
415
745
23
61
50
160
622
105
557
666
995
485
19
435
2
396
597
829
227
961
20
510
462
884
734
967
994
805
215
167
321
381
854
579
346
629
465
731
369
247
280
590
279
795
476
56
821
134
724
517
385
801
579
686
311
773
849
239
543
540
435
212
456
23
682
428
634
235
957
270
568
553
227
529
287
1
327
443
949
190
457
321
860
571
508
75
248
362
932
53
736
243
459
396
72
717
607
57
751
187
751
117
526
954
956
680
680
71
699
43
622
735
344
115
214
291
366
484
886
481
47
137
956
986
294
907
947
480
54
724
874
233
251
31
142
173
95
917
914
210
642
260
695
384
736
120
767
976
594
940
259
238
421
667
400
194
270
94
772
919
270
486
86
990
143
984
201
77
112
546
113
54
328
997
399
725
253
984
850
28
319
285
518
449
672
979
834
538
195
638
754
919
747
887
227
267
81
189
587
704
550
577
908
649
90
649
887
485
338
750
150
942
886
440
745
281
838
30
684
492
327
283
493
26
820
690
309
279
396
599
388
191
410
614
112
651
758
649
304
786
604
120
946
255
75
707
901
354
142
426
109
763
852
597
178
263
325
411
185
59
214
11
715
563
72
437
802
761
842
562
97
733
666
223
164
958
239
59
342
506
679
77
279
516
123
683
693
254
641
319
63
500
821
713
540
629
562
729
246
524
858
438
718
146
891
132
686
236
409
318
212
207
697
813
985
21
41
70
235
415
25
978
222
495
104
211
663
174
736
303
447
106
726
787
519
471
146
667
5
405
969
896
964
248
586
596
838
548
798
275
476
598
772
23
68
52
693
563
539
162
841
331
261
607
591
596
697
207
217
207
497
208
221
881
659
24
443
375
699
336
944
728
86
111
914
407
885
479
570
664
811
16
432
225
683
792
984
673
803
165
447
604
326
195
456
982
505
812
231
896
406
315
612
765
190
144
636
266
425
202
697
690
539
678
634
54
453
929
476
1
191
225
467
464
399
75
8
267
881
279
451
847
254
478
825
637
981
75
156
887
867
521
742
480
369
181
706
556
798
313
756
173
487
862
378
464
756
546
377
158
489
478
983
183
535
778
83
195
952
833
612
144
682
795
379
237
240
546
834
400
654
735
596
871
268
327
782
70
3
754
67
595
906
247
621
778
597
728
281
742
302
525
403
896
858
857
64
825
654
376
136
907
339
834
585
667
160
467
997
636
625
859
643
910
25
719
155
83
187
389
436
286
224
963
111
763
303
46
147
136
741
954
835
439
839
601
988
477
743
288
588
830
197
546
182
982
760
743
652
465
229
552
445
836
248
782
801
161
499
344
783
869
339
354
753
531
791
946
544
183
257
830
561
81
591
97
965
730
465
951
863
760
325
28
902
600
137
338
636
187
362
954
21
556
707
446
274
793
852
790
79
159
894
111
750
835
432
502
386
901
673
722
228
305
255
515
197
592
654
325
31
4
57
257
843
257
778
340
751
943
537
257
452
989
49
404
474
229
795
328
634
350
217
311
777
358
266
742
519
213
486
806
254
688
325
892
264
688
609
802
109
724
763
374
492
934
329
881
634
713
309
185
806
806
857
491
773
350
149
123
183
502
562
578
356
160
823
913
223
429
73
639
606
634
212
172
31
951
861
392
546
304
742
629
910
954
946
933
690
396
39
295
504
374
99
14
15
48
256
663
277
250
519
312
466
322
476
27
433
323
989
891
342
254
89
583
794
479
939
814
170
882
921
562
94
625
80
425
477
495
148
463
62
32
295
759
27
180
768
167
272
486
52
219
910
45
859
628
891
276
102
226
72
903
277
136
59
581
153
213
669
396
624
429
786
207
177
703
234
624
213
227
304
911
563
532
504
889
988
73
680
154
567
48
536
207
699
615
132
74
302
62
932
419
74
21
56
444
995
747
702
265
28
170
111
29
129
164
994
123
267
562
729
255
500
623
271
452
291
95
264
270
780
482
951
663
433
982
383
857
729
321
961
960
495
720
622
774
662
245
120
421
959
219
455
371
368
52
779
281
437
260
879
806
18
884
423
14
223
796
951
324
24
263
934
562
709
456
812
472
258
590
953
707
649
576
660
357
244
756
260
641
396
49
377
443
502
954
780
