10000
551
8255
912
5757
4333
9433
7953
8907
4704
6011
5901
6366
2223
8883
9979
3090
284
3067
1902
8365
435
3257
7667
3635
613
388
6869
3746
46
7736
7999
1976
7145
5255
9092
9023
7911
2464
504
4011
9398
9213
3061
6268
4185
2877
2105
9296
6162
3617
5957
8378
5166
4576
9453
2760
8441
289
4617
5467
727
6281
3421
5497
3228
7432
4206
4432
8824
6273
7294
618
789
4696
694
3122
2383
8871
3957
7093
4108
6382
404
8001
652
8618
9375
1865
7673
7682
9735
1785
5477
2282
9274
3137
9255
6878
4682
2564
5796
9953
5021
5668
3792
5402
3753
5185
9083
3431
8829
7645
3903
734
2251
5931
8324
5916
606
4609
9730
8571
8335
4432
1031
2783
6899
1738
11
8537
4432
3921
3820
2299
8872
7125
9838
6172
8734
6398
4231
3239
9789
3207
2188
4389
8394
8914
2187
133
6647
2418
1719
5075
1977
9432
6607
7079
9435
8495
465
9067
5598
6988
9014
8283
4902
9597
6613
1390
4026
9615
9463
350
7591
6858
9789
8782
1748
2881
2690
5774
9904
156
4656
4508
5218
631
6396
2036
7830
4813
340
5845
9685
7286
8252
4539
4714
8903
7879
8590
3114
6137
3820
6166
5192
4576
3629
7046
6764
7189
7100
6829
6196
1881
4185
9738
171
1469
7802
1925
3948
3957
2928
9347
2279
3382
2916
2613
4688
4960
3638
4616
4060
3705
7167
2131
3612
2336
4556
5883
4224
8071
2
627
7044
4147
7194
6962
1312
4337
5997
3309
7022
9776
2036
5346
1085
5526
9071
456
2371
9080
1930
4798
9567
4647
6649
4994
8074
855
6189
9783
2324
7716
601
808
2300
3047
2192
5682
742
7536
5690
3113
5862
318
3659
79
4968
8452
5249
7865
6002
7850
1252
5322
105
7509
3006
4029
7592
4907
3367
9114
6780
8952
8649
1535
1668
6185
4365
6753
2272
7825
7340
2428
777
2426
4612
6687
50
4412
6870
9678
4285
5963
7870
5065
5597
8229
2070
6824
9266
6684
5290
715
5238
4318
5666
598
9356
2496
871
9312
8723
7308
3856
2534
7514
1404
12
8710
3293
2074
5434
6540
7391
924
7689
4538
2646
8365
4440
707
7905
3404
8133
7756
1198
9756
5843
8953
7090
9764
2422
5681
9418
6685
1904
1669
133
9641
9969
9526
8066
627
2676
5485
1455
4687
9776
8658
416
5496
7144
3450
3738
3756
107
5880
316
678
6315
4247
1461
2581
4578
6017
2555
3
3533
9286
3513
3875
1126
8375
7908
2221
2959
8779
9019
2371
2492
3581
2689
4484
5374
8543
9047
5064
7586
4024
323
6605
9265
7240
6139
9257
2810
9934
2347
1273
4969
7062
9118
9294
6614
438
7397
7623
7356
1139
8606
9306
3850
3753
2971
1207
4218
7892
7085
809
1838
845
7732
2465
9933
6737
5922
6252
5432
7294
7131
4582
3230
3079
644
8429
3231
530
5670
3831
8313
2093
6853
3258
5022
62
4198
4386
81
9286
4882
1171
2632
9841
6725
1858
393
1379
9732
6554
4943
4133
6170
9209
4940
2345
8370
5964
6509
7575
4829
6371
8289
4668
837
7253
5397
5473
5207
4771
1311
564
7110
1376
6388
7893
7152
6026
8773
313
1836
2602
9274
4838
3619
3433
867
5762
6356
9254
6463
5044
6145
6562
5100
2000
1200
7522
4792
9718
7602
8117
8492
1725
4535
7794
1063
2904
4821
6839
2922
3872
7778
6975
9978
3759
5811
4045
4729
5416
7908
9705
6211
4771
2486
1575
3741
2129
2575
2022
9307
8079
2155
366
3235
6761
8983
9973
1014
3267
3576
874
9301
2436
8051
6757
5906
843
9188
4836
3682
947
3018
7725
2564
9719
751
6623
4204
8262
1157
2910
6775
8427
9784
630
6609
155
5628
2291
9274
4507
1727
5963
3039
5740
26
5230
3474
586
7150
7049
9868
5702
2297
3094
1619
1775
7326
4269
9240
6103
678
2301
3558
9915
6990
9551
3170
7575
4871
1121
1627
3138
4230
671
8681
6880
5006
7936
6275
9044
9955
7277
5262
9933
1698
1411
1841
8283
4410
6430
453
8633
4591
4777
5238
2119
3208
6705
5800
7715
7103
3348
1122
2847
7989
8890
473
6797
2393
1565
3211
3140
1556
3682
4691
5913
9110
1679
3605
1074
5657
1741
3601
9138
7151
9421
362
319
613
7059
4522
4255
7113
5595
2247
3455
7287
5546
149
7201
7845
7309
7190
7420
6873
7856
4429
6223
1645
408
7177
8351
4155
1411
8211
960
9563
5232
7496
9773
9602
584
3118
1023
5653
36
4752
8917
9340
2592
1870
1073
4108
5280
4530
5314
6403
5508
9888
416
632
2060
1418
858
9270
1005
7463
9188
9573
6118
2686
6104
6615
4072
6663
7580
9123
2057
49
4735
4594
2474
5404
5843
3499
7470
9108
529
7367
4295
3681
1806
8410
746
5106
4788
5250
1261
9851
1596
3308
2786
7059
859
1207
2145
1512
4614
728
4606
6092
5638
4729
6798
6623
1373
4923
3355
5910
9902
8440
3582
4753
4773
2855
1568
9408
5732
20
8484
114
9073
2456
6171
5757
6682
7836
3231
8725
3931
1681
2790
4894
6354
6215
4886
8147
4984
5307
8588
2943
7624
1949
3073
170
6942
2258
4488
3628
8501
3083
4224
4467
6594
7817
1028
9227
6484
9136
7186
9571
8005
1454
5044
9226
9289
1812
3115
617
2320
4028
7800
2727
651
4011
9141
767
186
326
7676
5356
6623
6534
4679
5144
3838
9295
5350
38
1282
6091
9892
2376
1474
7929
5225
4336
936
5435
5228
6531
30
1980
6705
7234
8385
1308
12
8648
8032
8269
8189
4554
8479
8396
100
6160
792
7313
4651
2637
8506
1363
3453
4856
4617
9762
5699
531
4642
5217
106
3472
7926
1606
1447
4061
8758
5055
6812
2666
8728
5544
3640
5314
7916
8844
8070
8520
4488
3651
7950
9873
7806
8487
8108
8309
1985
7944
7590
2336
3683
8671
528
8827
8990
4199
5553
5929
7722
1884
8489
8697
2864
2147
896
3514
2029
5899
6588
6852
6623
4239
5016
726
5920
6204
6278
2890
2635
427
5608
8667
7422
7409
9361
4591
8381
7950
2169
7502
2878
6148
5723
85
2760
225
1137
6420
121
3762
4688
6602
617
3493
8734
6696
4045
6941
4732
1259
8298
721
6122
981
3453
9801
1509
1241
570
3748
7607
2100
874
6745
2995
1303
7603
1610
7157
7174
8629
5416
1158
744
905
3653
8224
9942
9743
7386
5245
5488
8489
4537
9335
438
396
2340
2605
926
5046
3470
534
5006
3286
2201
6798
9506
2804
3090
1098
6628
1776
1822
3674
6855
1975
6454
5847
4927
3330
7375
4540
7834
1074
2012
3250
3637
3776
8260
4834
7174
5116
8679
1364
3921
5325
2315
6214
8720
1761
6664
6984
472
3156
2789
9503
7351
3318
5359
403
8263
2998
2318
9582
4278
158
3901
9078
700
6690
5926
2666
3563
9531
6381
4869
8729
5118
7893
2947
7476
1747
954
5683
9841
2962
3296
5024
25
1572
4840
7018
8841
6537
2531
7412
62
2299
5923
7233
8315
1695
6282
1203
8533
9105
460
7041
154
1059
4068
1375
1488
5307
5131
5061
7434
8589
7403
3210
5372
3486
7259
9196
2060
2344
9910
9631
1459
5424
5466
6777
5944
4851
5388
621
7816
6002
3216
8231
2321
7078
6977
4650
3506
6893
5151
2649
5482
956
1346
5661
751
6407
3261
1917
1023
3006
2001
7957
8016
9591
8042
7519
8029
3333
1535
2187
8870
3213
3721
9239
4980
2917
2294
435
4469
4870
4289
9596
8331
1831
5390
7988
1499
3726
9528
8778
3350
5440
2829
5582
1874
5569
6588
496
8347
7983
4935
6479
4912
2518
9121
8461
1652
1752
204
3314
9871
7277
6258
9855
7524
8230
7441
9198
8691
3671
3191
7380
5872
9956
6088
3431
4829
3862
599
4625
8837
422
5709
3763
9297
503
8483
760
1121
7451
5023
75
6264
8668
1935
3373
5477
2794
3597
780
9765
8627
3136
8217
2602
4065
2714
2478
391
3494
4144
3638
4457
1011
3068
4596
8887
1330
1275
7829
5811
3430
7458
2187
4501
1994
2900
4349
6651
8146
8856
1846
4171
1297
3188
2299
8698
9741
1966
303
5912
9818
16
6261
6542
4395
4734
4269
354
9098
4540
6134
4706
9835
7471
7194
6104
8454
6346
5430
1881
7750
7882
9234
5033
3540
1954
2001
5615
7609
8082
37
5903
7926
6622
8762
390
5603
3878
2013
2896
140
2241
3691
175
4733
5056
4429
3167
5152
2456
3592
6501
2061
4102
14
4038
5326
7212
8948
3714
9357
8891
131
1648
2657
3765
3956
4968
878
117
530
7503
2405
6526
2612
7051
4549
4825
2515
5519
8302
7446
9899
1941
2943
8923
4876
8606
2135
4436
1844
8753
9440
8066
5201
6504
9649
4453
8186
8516
8056
2558
2656
7863
1
1628
8943
7414
3018
9647
2052
2834
2239
5048
1823
9754
2509
4097
5195
8694
2426
9805
7358
8170
9332
7834
5349
336
5558
6939
10000
5871
6403
1450
6073
4921
424
1314
9314
8481
3649
4444
8298
9470
6659
1336
9024
5149
6418
1411
7707
175
7057
4424
2618
7319
8069
9044
9698
3208
1487
2709
1503
543
1139
2897
1573
654
4321
507
8538
7681
632
2063
8137
4813
4148
1334
6466
2452
102
1681
3621
3474
3364
754
108
2072
1975
215
9915
6680
2066
1959
2206
6509
9187
9288
7057
3850
4773
4004
5730
4051
4273
7966
4226
1802
6857
2571
3234
5739
1546
510
1996
5100
5549
8953
113
2954
9048
8827
5420
9750
2236
5403
3012
5284
3234
2940
2985
4858
2844
8542
4197
7119
7687
1231
2895
4299
2236
8168
9081
4595
4058
743
4875
5773
7649
5158
5943
8879
2520
1540
5419
9340
5203
2075
2012
4536
1282
622
5770
170
6746
3715
5654
7827
8442
6298
910
2935
6567
7170
2180
8189
7369
9851
6249
1116
5407
7112
3194
1041
1806
8376
9168
3116
5022
3827
8003
941
1797
7342
6508
3216
7644
108
2133
8745
1184
4271
4347
6875
7781
1368
602
1049
7539
5174
7184
180
2171
6580
7364
1120
9651
5657
1074
8456
7135
9841
2803
65
8555
3594
798
5328
9793
5255
3748
6884
4567
2419
9487
1569
1276
4345
9242
9923
1633
3382
5230
9737
1805
2539
7159
1196
5508
2225
9409
268
6036
1593
1469
4507
7693
5345
634
9581
6404
2603
3769
3315
1733
9647
2288
5993
4491
6024
4201
9319
6553
9302
9457
3396
5912
3433
6101
1186
9953
9149
7552
2776
3839
7042
9195
6034
4531
9461
5845
8624
5399
6183
9920
8007
3506
3619
7945
2802
2541
6835
8300
7656
9476
8316
1053
5399
8642
9085
9514
7821
5242
6809
2121
2641
841
5683
2082
9859
3673
8058
4359
6153
6812
999
4237
9186
1507
6011
1317
4123
9172
6819
4614
7925
8745
9597
275
8382
7051
1594
266
8571
2676
2516
3305
7758
3449
3925
2094
3500
8247
9762
7820
504
1317
7966
2843
4448
9214
459
4015
3626
8958
404
6833
1885
6540
4021
9646
4036
3020
2645
9589
1597
7748
5974
2390
6570
4645
8731
5223
9468
1070
8395
1386
981
5610
6047
8092
9260
5842
4824
2368
6308
466
9827
2642
7246
2114
924
9926
4465
3857
3206
2831
8709
6754
6190
1042
1777
9703
4482
4220
776
1817
8670
570
4724
570
9130
782
8656
2038
190
373
5620
6787
95
6462
5974
917
9060
5922
9033
7297
2386
1446
7541
8723
479
8148
3135
7260
777
845
7849
1771
6846
1552
8360
1730
303
8785
5269
189
2076
9236
9441
8732
7664
1279
4473
1114
2317
3628
8897
6373
9846
6211
5286
9995
9972
2644
9309
1974
6238
3743
1181
726
5581
2532
2980
9802
8137
5602
3199
2711
3486
9305
9504
1188
8975
4780
2920
3241
5854
978
633
9582
3552
2206
328
8214
1372
5805
4352
4725
549
2438
2579
4259
3451
5822
8385
3887
1540
3153
423
7804
8101
2548
5885
6089
6085
7731
6583
6436
6348
4034
922
5206
7277
7916
193
8223
5979
5552
7761
3458
5625
9136
2683
1389
9462
1012
1075
3938
2809
5754
1523
796
8295
1719
9972
9120
6762
640
9882
9546
1808
1689
9285
7656
9631
2123
8993
3826
5978
5916
8063
6769
5329
6876
1336
8116
6074
5534
2090
4797
269
8188
2215
611
7168
9527
9302
4826
4788
642
9631
4719
3964
4696
2516
9863
7086
7875
9384
2165
6956
3953
6973
7894
4288
8290
2566
8788
8499
3426
6468
2643
8578
751
631
4658
3422
9106
8331
7858
1508
6565
6347
204
9066
2639
5362
4471
9834
7478
166
300
588
3323
3889
2902
910
5018
1910
8149
6185
6071
1617
2702
5830
8294
2629
9543
2131
5115
9085
8906
2045
6290
8351
2058
3958
6689
8623
5209
5288
1858
3291
6102
9761
254
1597
2373
5938
9915
7635
5200
8838
7612
4257
3281
7524
5966
4776
8371
5424
2884
6093
7172
7166
1841
6141
30
9849
7951
4236
5572
8157
3124
2767
546
8022
6369
8704
5350
9417
643
7051
9411
6276
4119
5615
1677
496
9670
8668
7909
1055
3215
7785
4420
6798
5149
115
9900
6837
1233
4857
283
8982
9663
7261
102
1948
4347
9533
5212
7714
6249
1886
37
9952
6892
7345
9217
4844
5662
6483
3193
8347
5845
8185
9712
6639
5403
3019
8755
8411
9171
672
9186
7040
3588
2107
1089
168
7558
7953
231
7893
9257
717
6595
1080
634
4048
4084
5277
734
1104
7560
4488
8948
4987
8202
8072
4671
4783
7590
4163
262
4476
9332
830
8691
2597
122
7916
9873
1132
4663
6912
7575
6228
7763
5110
2182
111
8170
8735
5979
893
5853
2860
7443
2257
6184
3991
7569
5976
9030
3992
8145
5150
9653
9092
7316
4738
1383
3470
6268
5030
6258
8141
550
6648
9805
6275
1826
2801
6680
1610
2114
8714
744
4681
8559
6123
2118
62
6257
8400
772
3437
692
6905
4156
21
6842
3748
7976
9041
2639
3043
346
5703
7568
2573
3140
2120
5913
7448
7322
980
9763
2856
5296
2246
4845
9718
2954
809
3393
9845
9956
1248
867
4303
1394
4496
6555
2423
1665
3672
8661
5072
7422
9258
2669
8389
9671
9656
3567
7873
3228
6993
6395
849
2514
1283
1904
9929
2411
1787
6285
5857
8916
4843
1692
9369
1659
1540
3432
7574
5925
7811
2446
4803
8764
7252
9426
7233
437
8054
224
4074
5593
2756
9416
3529
2212
2724
2009
2259
497
9921
5969
8923
5113
3226
5639
1958
3447
7623
3168
5719
8025
1824
8428
2471
8724
7700
9283
4451
8071
4663
2521
1717
8760
5184
9513
1003
631
3525
713
3837
7912
9968
8066
8838
3765
6472
5397
7579
3646
2540
8898
2466
2872
4719
573
3788
5480
1657
4207
3487
1638
505
6097
279
3212
5781
1429
2777
9351
5437
307
3106
2037
2059
5616
8641
1662
8503
8977
5288
9496
3435
7969
5701
3693
3143
2335
5432
1752
1206
4865
7022
8460
5152
9226
7111
6050
6301
9425
9272
5635
9788
9625
1911
8212
1978
8124
3081
7015
6933
5312
6092
8185
7379
4214
1738
6905
5861
3574
1284
1702
5862
6844
9400
7220
6784
8166
8941
2585
26
9818
4593
5251
2360
7068
7350
7
6241
7847
2044
1387
7322
9466
7022
1134
5741
386
6594
824
7690
5200
7790
3827
7674
3926
4430
8878
5128
3664
4347
3181
5097
5489
5860
9893
8126
65
3900
7410
3919
2775
5132
9582
3621
4585
9310
5337
4692
2692
1076
3713
6837
8262
9759
4022
226
7506
9730
3303
9723
1734
7439
1486
5696
3307
8060
3981
7102
7904
9983
654
9877
7918
8377
4606
555
3014
4510
546
2150
8253
7688
7434
2706
1006
4002
511
6908
8672
336
6342
4428
3659
8351
5499
4068
6551
857
2037
5298
9017
6740
240
8254
4195
6598
388
3635
8903
4909
3045
3532
9343
5983
9881
4663
1933
7514
471
4574
8044
4957
5287
7449
985
7129
920
7711
1097
4236
3809
7834
585
4337
421
8573
951
2236
7170
3036
3219
1664
9129
7782
7619
2745
8643
1439
1736
4754
8139
3251
1596
4763
6619
1495
7049
2862
1000
5043
9160
3957
2652
3258
873
3919
8447
354
5095
1819
6507
3790
994
5942
6978
5529
3360
9823
718
8882
6661
1876
2667
8313
2639
3816
6734
4371
3235
3053
4866
1488
7930
4380
559
10000
5095
5420
9219
7321
7761
6687
4163
19
6765
531
5524
4972
2350
3169
1345
2210
1065
3904
9491
1333
3707
2969
7720
6516
4825
7368
5802
7827
4785
4549
1943
8845
4735
8377
4733
5475
6838
255
6107
1322
9115
2218
9890
7149
1707
4248
6455
3266
3766
3773
9917
892
6610
9619
9269
8959
832
7524
4677
2022
1034
6967
9651
7731
7136
8628
7957
7703
4177
3188
7688
3021
4314
6107
3795
3995
7102
9482
4074
5391
8903
2917
6368
1292
1192
1133
3916
4703
3045
5399
3690
9454
1377
5068
6846
8490
3240
7790
9729
9920
6597
9037
907
8689
4873
1032
4461
4898
2288
7638
2071
2204
9988
1389
1519
8592
9362
3522
2412
2705
1898
8286
9418
1469
2061
7273
7274
7283
2745
1650
2662
2060
1916
6515
6296
1607
9010
6831
9708
412
9409
2543
3997
7032
6407
2694
8753
2573
129
4659
4942
442
5511
3036
6121
4730
9021
5034
7704
7312
2021
3169
5289
8147
3798
3248
8129
4105
394
8783
1213
2889
1802
8428
7238
6570
9234
1326
6304
9194
7875
8615
8482
5734
8939
5030
5715
7497
7253
1477
846
4292
6255
4739
7095
8954
9798
325
984
2613
3623
5773
7079
7433
270
9913
6065
6452
8671
4214
8705
4604
7588
5993
4669
4556
7218
638
6700
7071
9474
7432
6136
1139
7063
4459
157
6881
8657
4840
2218
6169
4069
4548
9713
7843
7591
4970
851
3801
655
739
7477
9531
9781
2367
8089
8124
2000
3642
8057
8569
5931
1003
1619
1155
3202
7165
4013
636
7726
2414
5813
5359
2060
1572
8480
6951
5843
8012
6138
9414
9455
1984
8439
9084
105
9619
6621
5896
9597
243
6885
7465
6395
5050
449
8562
5407
9980
3620
5100
219
7037
3334
8020
5798
5554
9591
7669
1025
6713
7546
4436
3378
5470
5797
8889
4477
313
5270
9040
3304
7955
1577
6321
4870
2141
236
3056
9634
3978
8744
1036
4993
6551
2138
4987
1354
3496
5536
3454
1478
8743
6005
3373
6804
3730
8301
9845
9110
986
5459
4091
5374
4418
7711
5867
7887
8594
6193
9082
5553
4888
3727
4138
8369
9370
7460
4439
1356
4349
8841
2256
7469
6160
8976
3959
582
2439
5121
9546
1646
6516
1737
5765
957
6039
8933
624
2776
3418
4133
7457
786
3337
166
4181
5756
3576
8742
7861
3334
7491
503
8198
2346
2758
4375
6732
2188
4382
4227
977
587
3699
4663
8404
9176
1811
9118
6092
3086
9055
4045
7195
5615
7927
3482
5485
6045
9473
4856
7295
6407
5321
5998
5321
628
3348
5363
9464
3638
7294
8964
5775
7587
7874
8408
8868
9373
4413
4423
9675
5718
8915
2293
7428
3094
9825
5002
8111
9693
5595
1397
583
2762
6464
688
6660
8927
8062
7718
181
8217
9742
3145
1533
1037
3694
277
818
5658
6932
442
5051
8015
4884
4547
1081
6549
9056
150
3460
1950
2916
210
9635
6521
6717
5335
3434
3006
4836
7020
3184
2220
3486
4685
1502
8804
9503
4450
1728
1883
7667
4964
1169
1731
5014
2948
2617
2606
969
381
2572
1951
8299
7103
5027
2770
2492
9039
3639
2470
224
9006
8942
34
5248
3330
7104
3233
4721
366
6517
8201
6727
4338
753
9969
9166
4912
3438
7058
8072
5604
1283
8452
5219
7050
3251
804
9541
4555
4455
5945
7527
492
9677
4573
4957
2903
8245
2362
6307
3443
2059
9100
2872
5709
7309
5988
6379
45
1014
5687
1672
1902
6022
3661
9304
8566
7702
7046
8805
8920
2090
4194
9423
3374
3023
5838
6634
1966
6572
3355
3576
48
5782
3652
7541
9329
7826
8973
365
7424
1766
9479
783
5018
9753
7803
4663
4977
2657
1287
4015
8211
7257
5398
1001
1374
6211
9509
6912
6658
9205
5375
894
1764
7583
5439
2602
5144
8773
7292
3707
7683
8983
4849
3236
1057
3641
800
4590
6763
1729
260
831
23
849
1217
9918
3923
1330
7246
9469
3884
3533
340
4000
9996
5285
6177
1408
9067
3118
2684
2729
9513
9111
3716
6117
7066
9518
5859
9861
4224
7050
3298
6420
7837
2196
505
8491
22
7467
7462
4421
5493
5323
4086
7300
6655
8231
6192
332
1482
7301
6562
3831
3038
6894
489
8898
7363
711
8456
6328
5338
6894
4788
2928
9059
2585
6713
2753
3955
7947
7805
4493
5307
2210
5632
7151
3729
7944
3243
9638
6504
4058
1864
5902
5516
9922
1325
2748
9212
3031
5172
8397
2221
975
1208
9528
492
7138
6434
9599
8502
7310
5041
8693
9627
5524
3020
3970
7040
1718
893
4171
3283
508
3098
8436
1262
7406
699
4452
3309
122
9361
1244
6552
7440
586
7874
9263
3797
3721
6871
2852
1862
4523
3053
8111
1113
751
2880
4856
6169
9623
4592
7974
2613
3969
5370
1270
6563
3597
7874
1870
7250
7085
9593
4202
6276
400
2303
649
1905
7231
497
9215
5856
8510
6373
58
6539
1884
7920
6480
5866
427
6134
6215
6967
4052
5156
7739
7790
7856
4092
1293
41
7171
6259
8852
8311
4548
1837
4188
5608
625
2669
3504
8257
7981
2027
9261
8238
6723
4426
7235
8887
4764
6156
5911
3725
176
1988
9415
605
7008
6654
6215
577
2074
9224
9746
8471
9304
3309
4733
5220
8856
6271
1478
9733
6754
3009
5054
9725
4595
4497
6449
9242
5669
2643
5473
3947
6465
4281
4410
1271
317
7130
5743
5241
8540
8210
7422
1020
1131
8606
7208
1735
1580
5252
64
3754
8065
9035
5741
5876
7412
109
4782
4794
6383
1935
8314
2431
8816
8955
2989
9623
3180
8628
6151
1702
5152
2983
6168
4133
8731
7940
3169
3735
4105
1209
4516
263
2584
574
2420
508
7695
4751
3312
7988
1905
1549
689
647
8805
2252
9051
2071
820
2201
2703
8585
2582
6090
4911
7487
1548
2490
3944
3887
826
930
2505
9433
6611
6784
3707
3756
3322
9069
8905
6834
1409
8623
9831
1152
7925
7401
1188
6366
5718
4581
6453
9707
7165
890
3307
7168
9693
2966
8082
3448
9063
2981
8650
5170
8181
2950
2441
4459
7092
7879
4850
504
2822
2543
4536
8252
4822
3508
4274
1875
7024
8083
1825
1165
7844
9257
4655
5942
8008
6352
6886
65
2647
4610
2830
6584
5648
317
2961
1281
2095
7871
7061
388
9747
6930
5752
584
7273
223
361
4856
640
5117
8684
9012
1408
2264
7060
7249
6470
5870
7415
5825
4447
8901
5407
7721
9532
2058
6218
1540
8032
4403
1422
135
6650
5489
3316
1639
1152
6574
3763
5499
9382
3166
3960
5963
956
9902
3295
8742
4381
1476
9794
8348
6037
3959
7296
6703
7643
5976
4591
9265
8186
593
6113
4972
7666
4845
9802
8991
2736
7471
4002
2696
7751
4127
8043
9509
7362
1341
8171
291
4502
2332
4863
3693
4618
7707
7838
6088
3888
7360
3458
4111
5881
4033
3972
6385
8688
2174
4389
916
9762
525
4795
1987
7834
7261
218
8568
5156
6601
900
8725
8504
4433
7961
4076
5535
4348
3495
6664
72
1561
7426
362
4138
7203
8831
6501
1074
5147
5612
737
7268
198
3223
9011
5736
1781
9207
3506
8970
6523
3967
6490
7898
4304
9181
3471
9250
8709
8571
6478
1999
3308
9842
2044
2311
3621
3763
6258
455
5880
5050
9962
3640
2289
2487
9435
5215
1448
5710
4433
5690
282
1514
3483
6314
4425
9693
7738
3261
6739
3792
2593
843
2892
6944
7481
2394
8468
8851
679
442
7278
9049
6039
1793
3797
9018
1784
7142
335
705
9089
1911
3687
8643
2359
4382
4561
1164
2783
3340
2585
4953
9682
769
1283
5585
7331
5956
2074
8930
1609
4712
9290
1360
3671
4157
3538
7479
1082
4918
6262
7049
623
8284
2009
3768
9518
7193
5842
1810
3297
5354
2002
156
4969
965
5445
4156
1399
2634
26
9195
4150
4321
6602
7387
7526
5211
8798
585
272
9983
6
6995
7720
5600
7321
1672
199
4162
4506
5832
9160
1216
679
6224
4690
2070
5158
1013
8101
9121
3066
6728
3357
7423
8962
4184
8348
1136
8488
7973
735
2617
2971
775
8084
771
9584
4644
1012
2590
4988
5182
4338
6525
3214
1378
8551
796
9862
6996
1119
1607
4318
6397
660
7562
9111
3093
51
1589
2478
2492
6690
7855
3336
1035
992
8773
5837
1797
6631
1700
2013
5873
4047
6675
3296
6877
6072
5509
132
8475
2430
8094
93
98
7131
6651
7601
7217
1794
2224
2446
9865
9923
124
8374
5394
3568
172
3842
1130
2138
522
988
1237
1998
7990
700
8451
3625
163
2260
7326
5066
2506
554
3743
1119
7405
564
3589
7272
5625
7508
818
1458
6479
3319
4092
3502
6137
7075
9463
364
6073
2224
9853
1613
3008
8464
1109
5374
9373
2999
7763
6445
3671
6372
1663
2484
2997
8545
8258
2033
2755
8335
2276
8499
6160
2351
8356
4254
53
4091
3464
293
2815
5874
2399
256
1645
6033
4111
8261
8061
8497
2789
6378
70
5025
3203
4012
3931
7996
5287
4883
1720
5038
8008
6653
3567
861
2979
9307
8882
3735
885
1019
2560
1776
3418
5618
677
341
149
5924
820
5627
1226
8378
7279
863
1499
5296
1638
679
7877
8427
3178
4923
7520
1862
8870
3314
4978
5310
9379
240
8155
2228
5489
7051
8676
5085
5591
8929
4842
7779
151
5252
1927
7520
8129
5318
3964
1881
1292
5149
228
8591
4003
3839
7546
4209
4501
3546
4337
366
4676
3688
5177
6681
1056
8431
1095
2441
1427
3282
6089
3805
8208
9779
605
404
9837
8312
2646
5212
159
5923
8994
3943
6316
5561
216
4787
6313
1372
4163
9296
2879
8429
8266
3546
2323
9911
8977
1329
1877
8657
9305
9912
1121
4603
1226
9488
391
9850
7825
2850
8980
7653
8875
4017
8343
6973
6674
8804
5963
7812
6406
7750
5842
4932
6330
6344
3045
1115
7566
5134
3691
7652
1199
614
5667
4724
8916
4298
5858
9696
4854
3905
7039
2935
3187
515
4383
4313
5542
1493
8755
4255
2576
9664
3899
4401
9425
4230
923
8203
9357
6063
1554
1724
8279
3541
2483
3253
8071
5768
3671
5563
3493
6160
7940
6946
5027
9271
6213
9158
8162
3407
9846
505
8763
3006
7651
5572
4238
6074
3984
2710
5731
8093
8892
4377
4851
5597
35
7191
7838
4258
5733
4265
192
1815
5448
8899
7092
3550
6324
9717
553
7714
4700
5376
8679
5367
8070
6231
9655
6310
6879
7640
5699
7503
5513
8126
7349
9752
7777
3818
919
2843
1199
6666
8601
8022
5854
4694
1108
3
7147
6713
1287
4860
1592
3293
3005
5134
7562
6529
6604
4547
8762
1362
4729
1167
5866
7647
8531
7998
981
5414
8052
2526
4670
8214
1109
1317
8940
6368
7024
7549
43
76
6130
1491
7851
2595
1692
8383
681
3046
5158
6265
2588
5138
8238
9183
1257
7796
9237
5649
9739
4653
6587
3319
2591
5677
5666
4624
4860
8993
6746
8492
487
6969
6774
2409
1828
8978
5529
2977
2606
8519
5098
3970
6452
1710
5872
4772
598
1179
17
9230
1110
2189
1109
6030
9770
3658
8260
4447
6723
7026
4763
7711
1444
2324
7189
9853
8231
48
2932
7798
3
7607
9115
6380
767
1966
2630
8961
7219
5044
5820
8937
9922
4544
5691
4360
5209
7550
9976
9339
4376
5752
8743
7503
8856
8773
6374
8889
5219
7247
5212
4261
7791
225
4681
7720
2613
4451
8730
6670
3163
25
4622
1612
5512
2646
6351
6934
2829
4193
8810
132
2416
7948
9356
5831
834
9045
5022
1489
8577
262
6999
376
7444
1956
9784
6232
4494
698
299
7825
4469
7788
8461
9896
1733
724
9275
1083
3585
6434
9192
246
8753
5997
6447
1656
3279
5359
9030
4215
270
5852
9760
2963
1792
6784
3312
7129
9128
5796
7162
9998
8800
4342
5715
2048
1118
1923
2400
6201
9408
3638
3995
1113
5375
5049
8658
9714
4606
4605
3475
119
896
9749
6614
5880
941
6364
4784
367
4685
5964
3494
3180
451
505
7943
1463
6452
7751
7705
373
723
2959
4375
8427
9484
316
8257
919
5248
6056
6995
8093
884
8949
1522
7334
4889
8081
1466
8707
6700
3154
252
5992
5942
8743
7909
9203
4102
736
6814
8448
7305
4842
490
9570
7755
5648
5269
5063
6070
2260
7517
9942
8053
2695
6049
6045
2652
8239
5481
808
2982
8569
8223
7298
9451
3173
3332
8062
6434
4794
5330
967
8885
6885
4120
7704
157
2814
2481
6629
9064
546
1372
7502
2973
9091
5726
9765
6749
7140
6487
9435
2613
7486
835
3186
9668
3868
4237
2738
5613
8768
3359
8881
9913
7640
9096
4434
263
7015
7238
8650
6134
1734
7985
6507
965
8370
8761
5780
1912
2919
6918
7598
380
6
1838
8727
6697
2113
1991
9427
966
6212
5001
8511
9983
7847
6716
3286
6803
4823
2413
1143
8369
5918
6945
2346
7678
7652
5595
158
1245
6342
8625
6547
6201
3363
6995
9026
3921
5062
6069
7846
5921
9488
623
8713
343
8268
395
6669
1311
8088
5545
5230
5267
1853
3462
363
1661
1293
4477
6588
5072
3223
6418
3437
1090
6847
3773
6819
326
3257
3907
9120
1892
7261
6605
3679
3994
9205
7221
7335
2115
3484
500
411
8343
5261
3149
6046
7620
2276
3336
9238
3286
7512
2499
9033
6994
3282
6263
4009
9232
2810
2176
5279
5704
8744
2026
3967
2295
1992
2126
742
9182
2275
9057
2400
4277
6801
3376
3938
2794
5777
4918
7190
8672
4863
2449
4727
8955
9451
6618
1933
926
9084
1369
2606
1997
338
4012
549
6646
3219
5503
5134
3485
2304
589
6031
2527
8080
5288
6757
9506
450
8016
4130
8850
5970
94
9837
3276
5787
283
5476
3412
2711
7883
5235
2349
2928
6654
9704
931
4543
1132
4552
2550
891
1775
4932
4892
8774
8126
8940
9072
3685
8571
6856
8993
2146
7449
6899
4408
133
9442
8570
5262
4596
2630
3115
3680
6132
7812
4149
3447
9867
4476
4408
4300
2761
9116
2291
9537
3738
3675
389
7779
416
735
4094
2653
1546
1547
3305
6576
395
9749
1534
881
6420
5427
2828
4637
9459
4344
3918
8841
6214
7693
4638
820
6644
1544
8799
8837
3063
5997
2581
2069
5708
15
7374
9136
4097
9111
2888
5779
3619
8064
3670
653
5016
9420
6755
6211
9648
180
2281
1719
6340
4335
2008
9151
1931
7404
8362
6236
1956
6348
2975
2154
284
1227
7456
422
6249
9097
1448
5488
2009
7512
6295
1926
1192
4446
9058
5604
1442
7488
4773
8623
5241
3599
856
3977
1315
6454
6617
4300
2706
7142
2059
5032
5715
3187
8475
4790
2159
7419
2585
5012
5770
4903
7486
7041
8432
3314
5691
5177
2870
8882
388
8047
5123
632
3367
868
8755
2564
4190
1684
11
3033
7019
6895
2591
4932
5546
3928
1246
9075
3531
6825
1458
236
3586
1863
5516
969
9054
7388
6463
5648
7754
4096
9485
7410
1062
1178
2533
9325
7258
2439
2480
1896
3795
3399
7751
2592
9831
1913
2997
1626
2413
6377
3941
9007
3704
9751
6349
2901
3055
3678
2677
9483
276
3489
6427
7948
6981
8622
1138
1112
7521
6943
8797
6
584
5913
9517
1179
8190
6698
5434
4085
7927
8460
3374
2626
2777
6389
7773
8622
1383
6171
3077
9025
6055
1593
4342
6643
2609
5162
3368
1470
7892
3424
8261
7873
1055
2427
9863
3199
5969
3834
3175
6234
152
1275
383
3047
1029
252
274
5118
3731
3166
9195
6893
7456
1059
6236
5589
9990
8001
3883
3808
606
7354
7960
1075
7035
6075
1136
2198
2937
6483
5613
5434
7840
8208
2156
8957
6347
5057
5668
9471
5705
1554
3545
1124
6099
4156
5613
4241
2528
516
280
8978
7401
1192
3666
6561
792
9889
8102
4007
9571
7936
1694
8559
6379
7182
426
9083
6706
3464
132
660
9173
2257
8372
9577
6079
926
8840
6229
1165
2875
8654
3158
2807
6450
3484
7324
6662
1946
7389
6015
3504
5784
1525
6372
9087
95
1823
200
1686
7288
1322
1375
7069
5652
6343
7841
2525
6167
2653
7321
5158
9472
5093
4435
5203
7369
6925
5954
2228
1376
8643
452
6096
9256
836
1506
7739
7901
4490
4307
4403
9190
2614
9056
3774
7745
2663
5058
4977
8973
3337
683
9186
6753
9766
5777
3186
8263
9419
4812
789
5437
9118
9052
9336
9033
2913
7048
1915
209
3207
7637
6329
4680
6149
1494
3910
1838
5001
3631
4360
3498
4276
2429
7958
8101
3905
90
9260
8360
9929
2164
9962
3582
5206
8117
3983
9295
2170
2359
9881
12
6696
8772
4129
3349
766
8025
8022
3174
8429
4847
5456
6611
1090
1851
2226
4421
2540
5459
4413
9961
1981
3638
2261
1043
7169
7711
790
4498
4056
6714
1339
9552
8654
4297
5055
5345
9823
6073
565
9048
7178
1088
5995
5096
2328
6368
1415
8812
467
3450
475
7469
3066
9539
7281
1294
3256
3679
8981
6267
2864
3088
8681
8099
9509
9599
5349
5851
2828
2928
5109
4323
9895
3676
3276
5416
2347
603
3985
5468
2143
8465
7227
5163
5086
1648
7901
5810
4078
154
7677
8157
4956
3546
5036
7374
7348
3548
8265
4587
3033
6217
1187
2411
5761
6500
9737
1815
1468
2974
1771
8591
2723
1557
5881
6787
1246
6929
8352
8893
6903
2366
758
5956
1701
2766
5617
9649
6037
7073
343
6933
848
4968
2104
6811
5583
6895
1960
8036
4351
3170
849
8578
460
1432
7222
8215
2584
3289
4396
4612
7911
4721
8854
3762
554
9956
7236
8554
3368
4656
1795
3194
7909
5615
5610
9343
9076
2566
2991
7395
1120
3398
1372
2130
2260
5198
1622
654
7927
6025
5815
1921
312
3111
3737
9297
5832
2092
6307
3010
106
6450
9133
4011
9736
5124
8976
5185
4325
252
9882
7848
4459
8073
5353
7419
3599
7549
2040
8863
3003
1746
2889
8414
9297
853
5712
537
464
4254
8222
6565
3169
5278
7376
4131
806
7006
1382
9356
8703
5027
4393
3161
8688
9433
7307
9910
6512
9854
2232
8374
2501
9493
3510
8826
4901
4478
4127
5525
9094
6586
5028
5050
2844
8501
1585
6617
8459
8510
3580
1368
9256
2654
9555
6079
3603
8987
9319
773
3086
199
292
4120
3263
8116
6087
8144
764
6248
9994
846
3784
5680
9915
4579
9384
8823
370
1148
3279
7237
101
7224
3508
8559
1618
6622
1104
6035
5753
6788
2408
4001
9529
5168
3999
7298
4148
5535
7534
2803
5743
515
4404
3133
3013
5650
4137
3916
6009
3767
7693
1876
3376
3736
551
2742
1688
8702
7353
2167
9425
7075
2744
1371
6421
5767
9154
3509
2575
4977
9252
3803
4061
4894
2964
1841
962
6927
2744
4533
6065
2251
5680
4126
510
3304
8960
9813
1087
7582
6503
9613
3651
4457
2403
6098
212
3590
1739
7138
1243
3257
3570
4190
288
377
5687
7827
1797
5989
847
563
8160
8877
5673
7789
6998
2658
2058
7931
205
8963
6657
7556
2833
3331
432
7518
258
8178
74
8110
3434
4310
8942
1078
9296
8758
3479
2855
1496
6644
7972
6287
4829
8660
2642
7774
7395
9483
9722
1412
3396
8315
9366
8904
3320
1705
9688
8004
3050
8446
1791
9461
1183
1459
4818
6543
8828
8132
7116
3183
2416
9442
4258
4393
8265
1098
5135
8883
1427
7647
2811
7884
4654
9609
2033
3274
5268
5555
5406
6778
784
1248
3328
8563
4595
2309
1758
6613
7549
6512
229
3787
1397
8437
8958
8648
182
8825
7227
2766
7319
1774
9975
1076
1546
4943
8428
3814
766
9165
851
2604
9748
350
5104
3644
9031
5990
4661
8876
7
4226
274
559
4204
3544
6146
1758
370
2559
819
8312
9834
3163
4535
6091
81
8694
578
63
7675
9840
3200
7169
7347
520
8070
2071
9589
2997
2888
9095
371
8948
3525
602
9475
7581
9162
8882
8620
357
8134
6167
7916
1352
6571
9901
8599
7575
3558
7641
4205
8044
5123
3747
8404
8089
4338
5912
4867
2028
8855
4195
9107
2950
4883
8457
5618
4248
4527
8102
5550
3574
9377
2686
1457
7798
1809
7672
3673
6680
8567
9875
5593
5890
2555
5627
4466
4188
3674
7898
1727
8667
544
5367
9072
9210
8085
3917
675
3641
949
3783
9798
4165
5482
571
7181
483
891
2645
8628
6157
5254
9861
6254
1928
4081
558
2452
1369
5548
9880
656
9325
4136
434
8993
2930
5270
1654
890
9269
8903
6538
4977
3423
2150
9213
2183
1376
6119
8975
2086
5169
6858
4237
1491
9551
9329
4952
1513
2025
205
4710
8411
7544
5011
4337
6672
2688
569
2157
4272
9299
3140
8955
5025
2064
6689
7404
1586
1636
4350
2602
3142
3863
5644
350
8497
3823
2559
9879
3545
6096
7432
7625
4993
1188
8859
5670
4283
7029
8910
2547
6798
3773
7990
4037
5398
8449
1871
1273
6221
3624
2432
9521
8091
7967
7944
272
859
3903
8306
8493
5727
108
7818
9067
3199
3064
7250
7786
6587
949
8920
4599
6261
4919
445
6168
2179
418
5252
9486
2527
9367
3347
9823
2459
2571
3183
2309
8185
8796
4940
86
6205
2659
1415
4544
7372
9275
7846
7680
935
7901
350
9461
1753
3047
2663
6365
4027
6741
5931
1400
1276
9221
9689
174
9655
4452
9966
5098
1236
3389
9149
7358
4219
9080
4025
247
5301
9863
2330
8310
9689
3420
4970
1780
3219
8618
2424
5767
4812
249
2722
9464
8343
7023
7782
4078
1297
6825
7766
6806
3263
5203
9316
8634
393
7542
2467
9479
4125
3675
5434
915
7749
1595
4152
1258
9394
9176
6699
9489
8913
8459
3100
4266
1509
4818
1310
5394
1526
3246
97
7848
4546
8872
5158
472
4405
8803
6677
8840
583
6655
7875
7171
1868
9294
3327
3241
8667
7507
4723
936
1724
8039
444
2068
6411
1038
3096
7297
5082
245
1842
9491
7431
6072
1598
8710
6175
2740
1462
9459
7631
4796
3911
9679
5187
3838
6311
4143
4595
7939
4172
6995
1563
7513
1994
5477
3985
4633
2800
2216
9968
229
5023
7750
4758
7643
1247
2490
1139
6335
4816
7069
7519
690
4959
7668
6572
3919
1944
4280
2688
6778
9398
160
8957
3200
7514
6181
8344
8360
1114
8222
9060
2322
9373
7306
717
5058
4310
6595
3323
8160
97
6543
8249
815
135
8395
8454
8875
3212
3792
5152
832
3074
4836
9636
2313
3557
8799
7225
9666
9154
6093
8318
6037
3808
9875
2549
6865
8391
9951
5549
6450
5994
2443
9345
4115
8538
2663
6003
5319
1512
7312
6604
6555
4421
9971
7237
1176
3216
5490
4524
8489
6626
5226
7723
666
3509
6249
4017
5239
1279
7841
5592
2483
3228
1437
6879
1794
9175
5011
2231
871
5886
2637
7827
9575
1444
2844
123
8140
8883
82
5342
9463
4242
9117
5566
5386
1142
1630
1938
521
8646
183
16
5377
8411
1540
2537
2171
3911
9014
9262
1051
3734
4914
2379
4014
712
9863
3350
4452
8184
6673
3820
1935
908
6921
3506
226
8261
1379
1135
2809
5942
1089
5197
6603
4945
3314
3970
7203
2763
8780
1028
5063
8841
7172
1341
4964
7968
7390
9227
4207
1608
6271
7928
1181
2037
6674
7679
7854
1523
4762
3085
9190
7242
7463
1870
4781
7434
6323
7756
358
2680
4061
4661
1929
147
9306
6332
6981
3135
3688
1119
2682
310
8379
6625
4433
9115
862
1739
6502
5552
6333
3059
3565
3094
8524
5639
7108
3530
2053
707
7751
673
2833
3145
8180
3532
1730
3630
9075
7809
7273
4324
2858
5240
3276
9731
4426
3141
2628
5193
8185
160
8751
490
4224
1253
6423
75
2974
923
9771
872
4985
5
7287
5772
8079
1154
621
7824
8112
721
1509
4290
95
5434
1456
8773
8253
7537
360
1165
8553
7665
9794
6495
9076
5671
9795
7914
1497
8763
9207
144
2988
963
2946
8461
9921
1316
7434
6152
6177
5737
3127
1530
4527
8969
5876
2481
326
1619
1922
8509
7776
6527
253
4066
8739
1415
5745
1661
1400
7215
4492
3324
3877
9796
6628
2062
2078
9536
5445
1953
213
2972
3835
9723
5357
9499
1860
5578
4968
8796
3136
7718
1255
8885
4653
1708
4082
5509
9712
9132
4807
5806
8120
5183
1483
4317
9135
1933
6441
4431
3974
5161
7983
8691
9717
3819
5063
8456
1964
790
1410
4211
4825
346
2448
9528
865
5574
2310
3319
4426
6822
7758
2501
6168
6487
2925
6897
5734
7070
2273
5293
152
6955
8081
7148
6209
9044
7258
8978
9092
5931
1646
4096
2160
5942
5437
8692
2842
1747
3829
8867
9028
8283
7142
108
9723
7949
4037
5168
7414
6696
3497
1054
7377
8199
4015
2957
2913
9975
4530
4118
3987
1602
4051
8848
3985
2389
6417
5895
7269
8037
7705
2267
1838
2533
4690
6294
9870
1422
5829
759
8433
2789
4480
612
5588
2983
2714
7218
6927
3044
7832
4350
3114
8527
5349
5227
2100
447
5393
4167
2557
6765
1641
1585
1780
7323
5782
8710
5595
979
5421
2482
1818
8610
4514
7835
4293
4026
1747
9841
9256
9078
3111
4001
1362
3376
1129
4113
9445
986
1238
7951
3852
7793
246
3386
3328
4941
9930
8235
8696
1703
4776
5890
7006
9216
3152
3376
3835
6713
766
9883
2445
4241
3748
4058
8047
5799
7311
4885
1933
5352
5396
9569
6923
8243
4870
8003
5890
1409
4137
6355
6178
3589
9028
4948
7875
3135
5146
6162
6972
7258
5426
6725
4954
5020
4433
3360
4413
4442
3766
6225
4219
5349
7603
6061
8493
799
892
9265
312
3190
4349
1334
8161
9748
6036
5711
7210
4488
9368
9439
9797
7427
9113
8972
1157
4836
7445
9380
7365
7594
4414
6058
7564
3747
4043
7057
1285
1746
9688
8782
7353
4832
8351
4051
3340
9856
9900
6815
7637
3583
9935
1709
1187
7987
3683
6806
1790
331
1560
8591
39
5172
1978
2514
2172
8263
422
4124
1676
791
6017
5873
7202
4257
7412
4570
6604
6535
7130
6432
6324
3800
8148
6253
2627
6194
8326
471
133
8074
3812
368
366
600
3359
4954
5496
7888
7698
7742
8757
6919
493
4322
6357
6195
9371
5599
3430
6232
898
2404
3397
8446
3991
647
4326
123
8862
2173
132
3297
6574
1444
2984
8715
834
8799
9016
7962
1458
4996
6533
6941
1257
233
9219
741
9051
9078
4946
7818
7114
4257
1223
5316
3368
9512
3193
597
576
6914
4126
9732
4311
3554
5912
2855
7493
8632
4894
4444
9636
627
8343
2001
8161
8487
98
9614
2017
4248
2587
6661
4764
6024
2215
8995
3704
2558
5463
110
282
993
8688
2999
2880
1613
3892
9910
2868
7216
7784
6246
357
4297
5187
1808
189
7332
3877
5793
4273
9871
8513
5596
3403
7836
3296
8384
3950
6534
6365
5154
4688
3156
5317
7089
986
5764
6462
3549
7030
7059
101
53
9899
3382
6189
2424
8235
7434
4655
9699
3532
7587
2831
3682
4839
4362
4248
4301
4549
7050
5869
5176
8417
6583
538
374
1997
6802
7826
7612
6241
3619
2651
6279
7659
1958
8761
923
1014
3647
7370
3199
2473
4752
8418
4164
5227
2655
2773
4216
1131
3239
1738
1900
1718
1465
4317
3924
6690
8153
2820
3060
7917
6626
3778
8057
4167
5272
1028
3499
5722
9276
1523
4052
8657
7867
3918
6973
3010
303
9255
4842
4494
4116
3945
4477
4748
3063
1945
9001
2960
6789
5228
3387
2305
6827
9245
7787
3878
9692
4313
8152
2693
9930
3932
3042
7580
348
9103
3741
382
4733
7
8370
6797
3152
5276
3245
3885
421
7431
2566
5347
513
3956
6027
5817
2854
9073
6786
8593
2336
6282
2085
1969
7689
7153
8027
3402
2933
143
1753
5221
977
2844
4850
6390
1343
8662
8717
3907
7211
5014
9173
6568
8626
2680
9282
938
5248
5100
3299
5502
3171
4453
7247
1963
6640
7720
3792
8201
9147
5072
9101
6345
1610
877
4382
9096
1338
3017
7817
5687
9578
1134
5762
2853
4065
8628
3072
4861
1223
1577
7821
1401
8381
2031
4756
1850
325
2173
896
5932
7006
3427
8387
8183
2250
7409
3049
721
4214
8399
4933
1442
8344
960
1443
5375
3876
7233
9735
5937
7061
3267
8255
6060
2355
4180
1052
8837
2795
7328
3307
8543
3213
2841
9470
3164
6004
3633
9530
791
9428
6048
8677
4658
1353
3726
1513
6363
8932
2062
2500
6193
9836
4021
864
230
4032
6337
9607
3950
2857
606
5212
2334
2694
1969
7953
2717
6079
5575
776
5639
5078
3029
6723
5287
3097
1800
9864
5485
2545
8018
7396
4927
9338
3997
3301
9289
5748
6576
8409
4682
5796
1715
1211
6001
9025
7516
188
3175
9335
6341
5694
8551
2310
7312
8914
3394
3468
9712
4855
4373
5384
6594
7846
3534
4974
854
7705
7433
1032
8001
1718
9795
9278
1426
5819
4638
9988
8911
5278
2998
8116
23
1091
7981
748
4192
688
2261
6745
8645
5271
3825
8093
6746
6012
6331
6529
8515
2934
6886
6037
4538
7894
2601
5080
8684
9318
565
1482
494
3388
5510
4059
3539
2655
4100
7458
2059
7957
2262
2128
5686
155
585
184
1389
125
2775
1342
4252
2149
8059
3688
4503
284
2597
4819
1888
1186
9804
6404
2846
8476
7360
33
893
4689
1359
3515
9765
9834
6105
7493
7688
1818
3536
7349
5147
7209
5401
3534
9660
1235
2552
6501
9254
2917
9929
3746
9229
2417
8650
197
9730
7342
8237
681
2759
9212
5896
9245
9584
9460
561
5858
914
8044
6514
3725
480
1341
390
1468
9566
3225
1922
9159
5482
5665
3666
8773
2545
3552
3464
2200
2840
2959
1790
6628
2834
3656
1708
1572
5681
6833
4243
3657
2015
6057
846
9283
1497
2883
7919
1427
9074
2282
6796
7391
5766
8115
8747
9752
5577
7923
7580
1459
7154
3893
1380
1702
4183
4553
8158
3176
4508
368
4395
7166
6571
1076
105
9958
6794
5039
3196
4704
2649
3782
2978
2058
5951
1876
8522
1628
8110
1137
2753
2229
9439
189
5575
6977
6941
7629
5549
7284
7246
9632
4415
845
9335
8210
7903
5705
8444
8826
9240
4829
7387
4641
845
8735
1411
3384
8387
1567
3586
3552
8860
8418
5466
6396
5398
1470
8390
9081
8934
4828
2602
70
9998
1140
2692
273
557
9194
9896
6389
13
7210
1109
3823
622
3086
7485
4006
8170
4153
7369
5564
6573
8606
8330
3011
7115
4856
9298
9461
839
3919
7578
3262
9041
2301
7680
7699
7997
9859
1915
1273
7732
3545
4483
8034
5774
8407
8021
5211
4337
5266
7442
2084
8019
8598
7677
482
4520
6364
7791
5785
4630
690
654
2942
2725
8916
4084
1167
3570
1780
6325
7465
1097
897
9400
3103
8586
330
8244
1558
9765
8060
2610
734
3027
4295
8058
392
200
9198
4189
2789
2619
5622
9911
3547
5638
2830
1868
4270
6887
2987
171
2829
1493
4687
5888
366
7599
6384
2099
621
372
8610
9376
6519
6614
9335
7593
2804
8780
3748
1220
3160
6204
6634
2791
9110
7828
2053
1901
5986
883
1028
1171
2058
5000
8166
172
7873
153
6077
6840
7958
3921
2171
7785
5638
2478
9233
5945
8701
8764
2688
8851
6821
4357
2732
427
199
1396
2070
4077
7240
9096
1678
437
7415
9242
827
3922
6704
6202
428
3742
1867
4972
4858
5169
3234
5810
8673
4926
3351
752
3839
2586
3348
3223
2728
2796
2590
738
3621
5588
232
9688
7624
8376
8110
3406
1027
903
4299
1201
5235
4569
2249
1941
5161
7414
3836
5399
2444
9082
6445
7767
5054
9268
3655
3542
1489
412
8769
8124
4951
3886
1091
6828
4395
9031
9356
3348
8235
8034
4439
4151
6124
6931
3059
8161
3190
7622
5636
313
8102
2116
9389
408
6494
9811
924
8046
2712
4013
1815
3913
3143
984
4980
298
5088
5963
4183
9368
807
8602
6097
7690
3470
3044
5564
5265
5808
7909
3597
3294
4803
8297
5792
4015
6793
6098
6007
4526
7785
9917
226
70
3604
8363
5409
6580
7765
3186
6179
1775
9988
1767
2065
9101
2480
9634
8131
6714
5641
449
3797
1560
9957
5359
9259
4635
2217
8946
606
821
3838
7906
3382
1137
3179
1111
688
2044
2054
6000
8317
817
9003
7743
498
2865
952
6941
4980
7346
4229
6054
1242
6583
8037
8678
5873
3946
7908
8700
7975
5
3421
3566
4364
1534
7752
7244
5600
8903
3558
1531
8235
4152
7080
9899
6007
6433
4677
3930
7479
4012
8866
9640
3644
2528
9421
149
4999
1687
5734
3732
5991
1734
9675
8560
2841
4511
3379
7366
6631
2307
3622
6279
5959
7513
6321
7698
7037
3820
4085
8644
2807
8203
317
9697
5955
5303
136
923
184
4072
3771
9411
9140
9003
1787
8321
4469
6593
6112
5950
5720
1046
4300
1336
6098
606
6746
3794
5587
2508
8444
2666
9873
1196
4105
8060
6109
1756
9444
5841
4689
6910
6874
411
3075
3368
7887
3452
7577
560
4651
945
1942
6820
1652
9203
2093
6768
1201
6911
6860
6972
2105
2009
5696
4864
1241
3548
3527
8733
318
682
6686
7462
6709
9764
6952
9203
2785
2228
8433
9447
1080
8395
2760
2329
6309
7550
2275
9454
7532
7398
4059
108
8341
6981
3661
3178
8871
7258
8577
8583
5351
731
2747
7207
7787
2805
7881
3321
9829
5717
2695
4366
6272
4735
477
5886
1032
5430
1257
7422
9177
3865
992
1980
3398
3903
8288
1135
5100
3251
333
8196
1203
524
8171
7875
7516
3156
2834
3428
9779
2461
9123
3953
4135
1964
9320
272
477
8033
7854
4093
9865
2047
8540
9267
4114
4168
2306
5520
9285
8191
4336
2083
673
9639
1361
6866
2460
2017
1772
8221
2186
1860
4888
9441
4476
8303
3389
7676
5471
43
664
6138
6512
7250
5280
1021
1464
9887
3198
4022
5855
7363
5030
4702
284
8054
7625
9651
1472
3549
8825
4413
9851
9609
298
3833
6215
115
7101
3899
128
6987
7411
977
9402
3812
3380
9451
7479
9039
9867
7117
1876
9966
8371
5572
1881
4499
1005
541
4534
5910
3982
4241
6887
1378
4007
6869
7745
8835
9293
1077
4914
1644
9838
2251
1550
7695
3100
9874
875
3547
9834
4259
4238
1572
430
8478
7322
3346
5127
6183
4129
5928
7898
8607
9963
6389
2477
7971
321
6027
1216
5025
4442
7050
5161
4563
7001
3550
8689
1149
5976
6236
7907
4562
9100
4537
7081
6520
9552
2141
1018
7096
822
7165
4100
9859
6760
4885
5401
9044
7126
2462
1210
5944
7114
1849
6366
8468
9996
1222
582
6604
1126
9677
8895
9132
4149
5423
3386
1902
2370
5213
9835
4432
8722
625
3326
2758
2835
8718
5602
9550
1697
1908
7150
5959
637
3021
5456
7860
7104
9025
3715
1686
7483
2931
3321
5184
8957
7383
4871
5905
775
9709
1026
9532
2522
4492
9844
79
3311
2524
7270
5309
2175
8615
2580
4732
2296
650
1217
8309
1772
2806
4496
4871
423
3990
1313
6119
4373
2085
1362
3590
5272
6971
7661
6135
4095
7526
5625
2979
35
5358
1058
4760
8989
223
1371
3774
8760
9862
8332
1613
1279
2209
5682
9501
5574
4228
9188
3038
9095
314
722
3074
9037
2775
1893
2263
6415
439
3401
9716
6139
2784
4166
6569
8378
940
1340
2588
5668
8161
4497
4182
8282
3763
7563
433
277
3422
3253
2235
4473
5831
4128
8101
9693
4274
7565
2259
2479
4136
5546
3661
5629
6988
5103
2334
4591
4694
7510
843
8159
9337
7227
1754
5411
1176
8146
4197
5047
7545
6535
8778
5074
9219
6187
2000
7878
8646
4125
6663
6795
340
4167
6913
6383
2821
5369
9165
8371
2163
1988
2436
8057
3990
6955
1110
2515
7428
7765
5338
863
640
761
2929
6357
8480
3623
9533
9288
9930
7744
2645
8263
7212
739
1496
1086
9932
7129
2126
99
9838
4342
8455
2911
5525
941
5070
6239
5704
7128
4976
8987
9596
8452
4060
1340
6649
7412
7299
9167
7927
1118
9229
8201
7842
9655
9055
182
2004
4839
4207
3574
9433
8260
8497
8612
6620
5184
212
6435
6179
2803
2583
4174
318
8667
9661
9245
4384
4770
349
9849
6185
4975
357
8567
7572
7298
3880
9485
4404
3553
8108
8842
2839
5885
5999
5747
819
5137
199
4149
834
609
4989
1490
878
8738
1172
7110
8226
5843
6550
7476
621
3292
6362
2588
3977
5398
7417
7929
600
1057
8154
4725
8360
3267
5131
4617
8061
3641
200
4110
9551
7415
2169
2947
5726
8648
8956
9641
699
4230
2861
2844
6656
8048
3961
7145
1490
5139
2976
5684
4445
7939
4411
7406
9521
6608
5924
7329
4096
6170
5834
1404
8214
590
5812
3293
9532
1308
5746
2814
9462
6692
9505
2911
6338
7054
7481
501
4619
4555
5699
3016
9480
5364
398
4586
6092
3823
7560
9341
3661
1128
2987
3903
3181
4164
5822
5586
9703
4988
2719
3826
6752
8341
3851
9161
6280
7544
5504
5117
723
2752
8046
3506
2868
7954
3737
9005
6018
7781
6418
5814
6675
801
4206
6646
7064
3503
9598
6238
4696
5920
2171
3108
7948
5671
1129
2799
2547
8941
3695
9586
7134
9055
1548
2433
2898
284
2099
5481
8522
7235
7043
2470
455
4303
7345
2492
4736
7966
7171
417
8566
6466
8404
8017
330
2124
4554
842
3028
2036
2764
2891
8229
530
1812
1664
2874
2686
7171
9617
538
4137
6364
2550
7969
6988
4885
9281
3779
9983
6493
9378
3562
3564
9270
421
8436
1350
3381
4436
749
8474
5969
8194
3427
5631
1524
8415
8547
5223
7080
1433
2210
5862
7638
5636
862
5979
2815
8474
2694
1069
9465
9730
1829
4636
4526
7061
9279
7068
5339
6601
9821
4737
2919
535
8907
8021
4753
6482
8599
6528
6506
938
3297
4168
4633
5070
9825
7377
3858
5417
108
6429
5855
8270
8381
4739
7856
4174
3515
2061
7311
1775
8310
6357
195
4015
2091
9373
2111
756
1976
8328
3267
9256
9634
3598
336
6844
884
9330
1006
4166
9167
5973
6852
3964
8865
9102
7048
3195
2673
7057
8919
761
1233
4651
9826
4400
1660
1652
7831
401
8467
8111
6346
1843
1150
93
4315
1357
1816
725
9988
5115
2880
4552
5788
4792
4358
6629
1543
4601
1865
5294
5697
6070
134
7010
9405
6488
988
9141
3036
5657
4899
8416
7784
1231
7852
4464
4235
9737
6447
5199
4660
3736
6759
2683
9605
9676
9405
9141
904
7898
2137
1205
2744
2520
7964
7913
7066
242
2816
326
8312
2839
9196
1189
5266
9781
7329
7874
3281
176
6293
8389
8883
9244
4518
7900
657
6280
1149
7255
1271
9117
2028
5567
4130
8441
1227
7970
3851
3603
7178
1837
81
202
776
9756
657
4721
6791
8748
4210
866
6770
2570
9950
751
4126
9808
6628
865
6428
2611
7003
4851
6029
8422
9373
8617
382
8926
9113
708
6965
9980
7628
2002
3708
3122
7498
1834
1382
4271
5457
1692
8561
9761
5684
1335
5196
3427
7418
6438
5336
454
2513
9992
2930
9256
4613
6845
6681
899
7953
7984
3581
9293
3556
1404
3030
8415
8817
8126
4860
4976
5820
4013
5150
1570
6652
1630
7982
7150
4818
2632
9659
893
7998
2863
7796
3568
9695
5873
9280
3938
5734
4607
6688
3660
4839
4367
4382
4387
9018
3552
6023
8542
9375
851
3945
2900
4276
9957
8254
796
7557
7524
169
7901
5673
561
1611
5359
9553
2129
4379
5966
1381
2435
3782
771
9743
9614
5614
8084
4504
6635
4502
7245
292
8279
1286
6922
5325
7466
7426
6953
5491
4234
8447
3675
6542
9846
9393
279
1811
5831
8165
5256
3868
1451
339
306
9284
1430
7456
7145
8347
9971
9258
7192
1791
2524
7946
2483
5798
8516
388
2426
4886
1362
6102
1020
5326
9255
5922
6243
7084
2014
7889
4606
2124
862
3183
6744
7169
6566
4842
1402
288
5889
2902
6715
7373
1599
647
3154
3508
2673
9397
9340
4548
2807
5156
230
8818
32
957
5739
6514
6703
7126
3042
6470
2493
3580
1346
1613
7604
4860
2691
2996
1358
9363
2774
6436
7052
5223
7456
235
5688
4460
3891
4151
6843
3022
4919
6725
9969
4392
1194
2174
7701
8610
9553
9727
2560
6899
3418
8688
7046
8598
520
4293
4513
8279
70
7033
2048
6856
952
8008
419
4124
8472
8521
6587
2670
3194
7190
7635
6706
5221
7398
595
3168
7833
9088
7673
7155
7559
7929
3154
912
8250
1795
4013
3032
3207
9960
339
9458
9550
8875
2322
7584
2643
2488
8939
7206
5390
8167
2203
2272
732
8105
1513
8066
1524
9736
674
1754
5296
9880
4408
4531
3681
2066
6031
9064
8074
1668
6550
6625
172
6635
2953
2493
1890
8136
1212
6960
1498
1231
9857
8879
3944
8138
3497
8660
9610
4844
9969
4
6250
1929
4858
2126
447
3068
2608
4016
7349
3185
9039
269
7145
2795
9494
2826
9127
4050
6834
8669
8126
9213
9485
6509
6850
991
6534
1596
3345
7402
311
8507
1745
1762
5077
5063
6259
4364
8530
1839
8066
2271
5960
2097
5564
1222
3709
7152
6058
913
1496
29
5345
9550
3718
3181
2836
6924
6491
7228
102
116
4264
4156
7582
1835
9061
2436
6011
9269
2968
2781
276
2521
4235
4066
1988
2406
1655
2451
1607
3121
3366
9879
3396
3222
8057
8193
2204
8804
9445
6157
1317
3200
5430
3957
7993
5397
4051
6437
4036
9633
6052
3463
7975
5838
4993
9048
7562
4124
7370
8765
552
8539
1334
2265
8617
7762
1253
7258
2604
3458
9048
8355
8717
281
3907
2093
5184
8301
4001
632
7428
306
1669
1581
4050
3004
3832
855
932
366
2169
9631
2856
4759
5336
8442
1678
7285
6004
5813
3154
1288
1611
6558
8836
3129
5605
4179
1617
2925
2645
4369
6430
3409
8186
3929
651
1500
7270
3381
4191
3600
8866
5443
2148
198
8648
1069
4189
4612
7703
7316
1293
3330
7521
8476
886
2052
3021
9614
5450
4867
1088
9893
7189
2165
7256
7068
3654
5266
3411
3609
7348
3491
9491
868
6610
7086
8782
9602
2777
2390
1290
9642
3958
4412
2800
6087
9359
2562
465
2062
5469
7110
8754
8782
3126
4992
2628
3644
3799
2841
9606
5317
7396
7172
3846
5718
1538
4546
1329
2666
2451
7218
9354
9189
3792
8906
9523
3555
2388
7822
3560
4746
6234
5952
1336
3835
9950
4086
1931
2809
7785
3830
4219
6249
7005
9752
4952
5423
9699
6205
3933
1939
215
5298
2926
6985
3600
7308
3405
2309
3533
2246
7144
7709
5718
662
8707
8164
7607
9852
7375
7538
7576
9399
7794
9220
9649
5224
9331
9645
3361
3142
8117
3111
8651
7926
7097
722
3489
5390
1401
3217
5224
7916
5042
563
9417
3686
5095
9264
9919
3814
5477
1071
4262
6482
5536
4474
5678
2678
1325
9751
9903
5749
3859
9218
1015
5550
1309
711
498
798
3948
734
2338
7096
5565
6320
2666
5350
4113
8559
2774
5979
7540
1900
2567
9013
1771
5604
5476
9515
3634
9474
112
3645
3428
4543
2526
6506
2045
9305
3294
3351
4682
5819
8545
1857
5307
1832
3529
4341
9055
620
1872
8854
8839
3029
3790
4506
2612
3165
8881
3403
9489
2804
6237
5508
3043
765
6737
8187
9479
8324
6515
1019
8214
4220
7478
900
8805
9365
2262
7621
4799
4166
3137
7678
6554
1068
9384
3907
9136
3311
3942
1378
2521
944
7263
2544
426
8054
9631
9885
357
1835
1408
8268
3763
9023
1085
5895
8083
1450
1734
5213
8761
5192
5090
2133
2032
8563
8833
8323
7038
1567
4414
8728
7172
4077
3966
828
1635
8423
3293
2700
3258
7845
6400
8467
5175
3807
1883
546
8581
7918
1754
1079
6001
1856
7026
2158
2668
8678
9098
5732
7569
1429
6112
4389
2802
6677
4895
3388
